degree=2;re=-1.75487766624669270000;im=0.00000000000000000000
degree=2;re=-0.12256116687665361000;im=-0.74486176661974424000
degree=2;re=-0.12256116687665361000;im=0.74486176661974424000
degree=2;re=0.00000000000000000000;im=0.00000000000000000000
